1 1
1 9
998 1002
1001 1020
2 1
107218 946752
433240 633904
713851 529945
668756 262318
439301 225621
801151 608319
847 565696
484284 176813
261944 151130
903047 216925
951000 311908
152528 756716
632471 468758
668383 398156
330544 841961
230009 282603
948978 428253
420508 316282
77833 412348
179829 773230
412779 915727
241354 738736
828242 743765
982951 867933
935789 252540
257142 135477
64096 650651
901727 219668
771851 691478
558256 969416
377319 705398
109658 611489
463645 500692
877788 764540
683385 350618
563453 649898
63418 927824
668099 622154
479027 74053
104704 406105
705919 258524
372885 854498
21152 561968
503991 418023
7616 536556
456938 700562
364464 851145
819544 393897
333638 478544
141831 276057
99168 655920
685363 489687
739114 415004
575767 746908
238120 488926
435197 993993
497425 632610
202933 667074
190709 787866
508712 103413
270073 918034
187719 956208
299643 59766
300451 632842
872396 908419
369727 491968
766421 294921
41192 160937
218017 977466
50842 267017
58759 993636
664453 169097
241625 269900
503343 22093
173301 490431
221083 97812
785221 278443
142094 684980
136295 655803
298854 447636
81770 620781
605993 387063
390519 872342
200039 320796
756951 790495
342351 377232
360097 521225
302581 979724
248770 386873
906411 233239
103809 77172
792922 82344
524252 724309
432959 320772
858497 438635
828038 693415
811259 850109
251471 57650
657454 895768
186853 120588
329946 179826
986727 850334
616281 410800
914851 521985
984916 643181
377345 174176
989222 611577
402106 742664
456911 669323
16270 930265
548137 761308
277131 933896
114512 506891
501437 617141
631093 898344
360326 892837
819225 191315
575729 786862
472549 754097
 
371391 570760
